0 0.3863429920326853 183
1 0.3601823961284296 154
2 0.350424933375884 131
3 0.33101980259522223 123
4 0.3211334521557996 112
5 0.31693256697804095 105
6 0.2998243861926526 97
7 0.28683195673354156 90
8 0.27183382013075086 87
9 0.27091281968281855 83
10 0.27356990898103817 77
11 0.2726814036028604 74
12 0.278082352139398 73
13 0.2763503624775603 71
14 0.2698923720324524 70
15 0.2778155787730179 67
16 0.25816957968968746 62
17 0.25580001648737083 61
18 0.2665873781337247 60
19 0.27054921920399955 55
20 0.2735384597394708 52
21 0.2580605388316519 52
22 0.2609736306223356 46
23 0.25183198330707346 41
24 0.23156072791617865 41
25 0.24303849955513823 40
26 0.2359101853758232 39
27 0.20874351783982492 37
28 0.2082718690908869 37
29 0.19442574188124295 37
30 0.2077970677018519 37
31 0.19582859966610244 37
32 0.18610647249410128 33
33 0.17482163216224422 32
34 0.16884907433898744 32
35 0.18564753860750494 31
36 0.17698019477512328 32
37 0.1612702484484665 29
38 0.14682634787635962 30
39 0.15156348190347724 29
40 0.1492387916168023 28
41 0.15103693339349755 29
42 0.1592179515075436 29
43 0.17490499514936197 28
44 0.16351108598600672 29
45 0.16229620059111882 28
46 0.17451602841629854 28
47 0.19139461303244065 28
48 0.1938192883155958 27
49 0.19803607870384776 27
50 0.19940017511204666 27
51 0.16197779414450508 24
52 0.1445654742612077 25
53 0.15564661866280893 25
54 0.1625179708689628 24
55 0.17252292018406923 25
56 0.17142070675920884 24
57 0.16768897341167532 23
58 0.14914878431010625 22
59 0.1575908243016706 22
60 0.15965420877138858 22
61 0.15714455184058274 22
62 0.15568127538720855 23
63 0.16402146948936713 23
64 0.16826930107938876 23
65 0.16776535947558524 23
66 0.16449511226196423 24
67 0.16706172368067818 22
68 0.16509574610682853 24
69 0.15214348857817916 22
70 0.15120506003835255 22
71 0.15745457009823527 22
72 0.17290232058832466 21
73 0.13761703339509368 20
74 0.15483557754478383 20
75 0.1518042730080209 22
76 0.15328659374051323 20
77 0.157286692250989 20
78 0.1674164529972575 21
79 0.16563338536138672 21
80 0.1783760552216671 20
81 0.16695854811047628 21
82 0.17595213151839162 15
83 0.1292467067132257 16
84 0.11313081748965881 15
85 0.11680064040287297 14
86 0.1148907938267889 16
87 0.1262601805720054 14
88 0.12549798598914985 14
89 0.11829615763599444 14
90 0.118641847139622 16
91 0.1255980959487879 14
92 0.11451387515518574 15
93 0.11362915584479838 15
94 0.11195938653568094 15
95 0.11548675174136536 15
96 0.11732736315847991 14
97 0.11663605912049602 14
98 0.1137818721334991 16
99 0.10812287453776159 15
0 0.3863429920326853 173
1 0.36682239793611515 145
2 0.34577296287731407 127
3 0.32709550978405133 115
4 0.305139406451409 105
5 0.2879197965952285 104
6 0.2793015976603468 99
7 0.2776839824568027 89
8 0.2708719481184505 83
9 0.26541107504983197 74
10 0.2552414540322454 75
11 0.25989768445395045 69
12 0.25284602308403503 65
13 0.2701826795207083 64
14 0.2560985887242899 64
15 0.2558634290820856 59
16 0.2713076354127173 48
17 0.23964967776017398 46
18 0.2406322776844969 45
19 0.20896089958039 42
20 0.21495748093498324 42
21 0.2238986567298633 35
22 0.203047373703934 36
23 0.2124501990094696 34
24 0.19167153812707505 34
25 0.18815729124534952 34
26 0.18502873945116982 34
27 0.2003493268941805 35
28 0.2087480991617423 32
29 0.2090276150701771 28
30 0.18605282010399105 29
31 0.20367078504341896 27
32 0.17593241051843345 27
33 0.1758796484045595 28
34 0.17886067474372735 27
35 0.18486405193393352 27
36 0.18409010540906912 27
37 0.16236559896451963 26
38 0.15685658479941034 26
39 0.16267114355554502 27
40 0.17356997477703184 27
41 0.15305572318187233 26
42 0.14598886788101306 26
43 0.1544726436923538 27
44 0.14238561583984088 26
45 0.14803340150149658 26
46 0.16254696989021467 26
47 0.15572233523952939 27
48 0.1545467055459635 26
49 0.16756650175539534 28
50 0.15844071882731092 27
51 0.1683657968685044 27
52 0.16709261415526933 25
53 0.13958689792119094 26
54 0.15639839534780275 25
55 0.14882242955065594 25
56 0.16119577103727445 27
57 0.15014945605671914 26
58 0.17744972554679972 26
59 0.172190359259621 26
60 0.18371269086126563 25
61 0.17752597100092538 25
62 0.1676596751602788 27
63 0.16905780158448946 25
64 0.15234094430004386 26
65 0.1456955097899404 26
66 0.14662580853762042 19
67 0.10023761023339683 18
68 0.11013656942006911 19
69 0.09507002507908568 19
70 0.09331256681377487 19
71 0.08161541714796572 18
72 0.07821604600784271 19
73 0.07353939649518493 19
74 0.07509562752439791 19
75 0.07453122669596413 20
76 0.07514568053887016 18
77 0.07284741682874563 19
78 0.07167271021150157 18
79 0.07340630671393678 18
80 0.07354533516998152 20
81 0.07402936152005157 19
82 0.07325404414411141 18
83 0.07266950455770615 18
84 0.07294368485550251 18
85 0.073110960682651 19
86 0.07535563519547295 19
87 0.07830520446694633 19
88 0.07837784706323458 18
89 0.07801028939164745 18
90 0.07576331848055973 18
91 0.08080366253865368 19
92 0.0807170764080618 18
93 0.08740109103604854 19
94 0.09026997864432396 20
95 0.08763447369851751 18
96 0.08247979910027547 20
97 0.0847247724263962 18
98 0.08484192786000055 19
99 0.09046110423776299 19
0 0.3863429920326853 165
1 0.36496384240506297 144
2 0.34449569628908394 132
3 0.33092106105463204 108
4 0.30341202771571707 103
5 0.2931349985823992 93
6 0.2978379340764259 87
7 0.27974826910535056 83
8 0.2544644170959516 79
9 0.25597349591106644 74
10 0.24779157462390877 70
11 0.23800229762754688 65
12 0.22270888889309992 64
13 0.21662503558477475 64
14 0.2210650390905724 60
15 0.23035698009175354 56
16 0.224422146064025 58
17 0.21421641240127043 57
18 0.2133731936278278 53
19 0.2046419095208547 50
20 0.19938458722861352 47
21 0.18025138223533332 46
22 0.18587096007411574 44
23 0.19490877363974768 42
24 0.19377244908591007 41
25 0.19313314773619683 41
26 0.1820009165143599 40
27 0.1800293316219712 41
28 0.2220179577029031 37
29 0.21840252193776766 35
30 0.1841032781987917 35
31 0.1731677697615326 35
32 0.16576429233955814 33
33 0.1634926340067493 34
34 0.18190160560268986 35
35 0.1835963046964142 30
36 0.17312130969497197 28
37 0.16783619118311854 30
38 0.15360969998879148 29
39 0.15625884328168294 29
40 0.14893750935477357 29
41 0.15605598911972285 29
42 0.15921725458701497 28
43 0.16832997006799966 28
44 0.15366380881940378 29
45 0.1473722180222532 29
46 0.14214166088898184 28
47 0.14236482014106522 28
48 0.14492925760163233 30
49 0.14415593000706917 29
50 0.14421060746264702 26
51 0.14203456579320384 27
52 0.14814884740096002 27
53 0.15678356078805145 24
54 0.12946915800373682 24
55 0.1329348918608193 25
56 0.14863709172056794 25
57 0.15000376522202497 25
58 0.15974717943512817 23
59 0.15408065167658314 23
60 0.16439657287170495 24
61 0.16459271260581665 24
62 0.1548544416404598 24
63 0.13714032155018785 23
64 0.13951875328209407 23
65 0.15522453645576428 23
66 0.15291971992518794 24
67 0.14797692021459263 19
68 0.08013640401070243 19
69 0.08129779434975593 19
70 0.08029694631554984 18
71 0.08349527795551404 18
72 0.08418568248970404 18
73 0.08480540468253617 18
74 0.0856508881932696 19
75 0.0852411254123453 18
76 0.0877883851650374 18
77 0.08575229379679494 20
78 0.08442465926811082 19
79 0.0860522781243398 18
80 0.08617747656134433 20
81 0.0896205172867659 18
82 0.09096627212466624 19
83 0.09376135727305801 19
84 0.09474108853738894 18
85 0.10179362486549715 20
86 0.10836325733123675 18
87 0.10195941438339795 18
88 0.1092860998101064 19
89 0.11049576395955674 19
90 0.11813800098654115 19
91 0.1255379568953996 19
92 0.12650363319770563 20
93 0.14397174718529104 19
94 0.13915020154548885 19
95 0.14885213795478647 17
96 0.10802708036973274 17
97 0.10806687458279018 17
98 0.11170090082703088 17
99 0.10771504246182717 17
0 0.3863429920326853 165
1 0.3763306677956062 130
2 0.3490227553403189 111
3 0.3225194286485742 104
4 0.3148561073583025 92
5 0.29853766444561236 80
6 0.29060861100132573 73
7 0.2654530345529684 68
8 0.25982087339657234 65
9 0.2690460011672595 60
10 0.2602867590785958 56
11 0.25726616814748304 55
12 0.23660482691658258 53
13 0.23025402414114948 49
14 0.2211914126359522 47
15 0.23783976458364142 45
16 0.23977068748323438 44
17 0.2276694369390979 42
18 0.2164759508486651 41
19 0.2114322584551993 42
20 0.20933877841366222 42
21 0.21200129884881802 41
22 0.2088028589902966 41
23 0.21257589150516631 38
24 0.20543935980652805 36
25 0.20139486798498818 33
26 0.21375882917515 34
27 0.20747826425218063 32
28 0.1803148165308226 30
29 0.16934710001951636 30
30 0.1678136152740095 30
31 0.16206196216115187 31
32 0.1725137635927423 29
33 0.18273342704249695 30
34 0.1802804686683197 30
35 0.19565674570526204 29
36 0.1954655310299347 31
37 0.18554460277238927 30
38 0.19912129709885074 31
39 0.2188847589728231 31
40 0.22824690443686224 30
41 0.234600439106591 27
42 0.2027710829596796 26
43 0.21726315159705134 25
44 0.1885788603497105 25
45 0.1872371784664406 26
46 0.22085750902616574 27
47 0.22835358817823304 25
48 0.25001973712114633 26
49 0.24674435347987433 26
50 0.24247565124700765 26
51 0.25540444505475013 26
52 0.22879065276417876 26
53 0.21563171457527797 25
54 0.24237790653222668 26
55 0.19682406223360882 26
56 0.1978031564886933 26
57 0.19421260826819498 24
58 0.18332800181458508 24
59 0.1813862682107159 23
60 0.16764009040123273 25
61 0.15677128907050353 20
62 0.14594327995797585 21
63 0.1334992261608985 20
64 0.1333926466159734 20
65 0.13288489199331233 21
66 0.13455514999332796 21
67 0.13537409948351842 21
68 0.14484870397706606 20
69 0.15019196625125608 20
70 0.13405925179130374 21
71 0.1617509260806973 20
72 0.15681419835967647 20
73 0.156015944944758 21
74 0.16956302097748965 20
75 0.16307084815177042 21
76 0.17609588598553572 21
77 0.16908694335483654 20
78 0.16512429973841725 20
79 0.17043100007114087 21
80 0.18521887125103342 21
81 0.1627143867226013 22
82 0.17618677836095342 20
83 0.15724013580824558 22
84 0.14739496643504513 20
85 0.1653014885972326 20
86 0.14665789321476996 21
87 0.14969854668521188 21
88 0.13847414951212667 20
89 0.14521441093845944 20
90 0.13309128611864374 21
91 0.13994259833799783 20
92 0.1440327684971643 19
93 0.16652089790619873 19
94 0.1529260775459771 21
95 0.1415987068912008 20
96 0.13344938498517078 19
97 0.1382916120147588 15
98 0.09393778139974329 16
99 0.09633766909478458 15
0 0.3863429920326853 172
1 0.35930417712950424 150
2 0.3263541781097281 130
3 0.31890737638903044 116
4 0.31279080171984397 109
5 0.2935906221244844 98
6 0.29642699949012963 96
7 0.2830580435293273 88
8 0.28215745469706954 84
9 0.29093858841648457 77
10 0.2773569815671406 71
11 0.26493749895025687 71
12 0.2640758777581813 63
13 0.2687252345976101 59
14 0.2536409555689798 57
15 0.24594623134659077 57
16 0.23854906993672742 56
17 0.23469807622547023 53
18 0.22154513719504987 52
19 0.21612480782604138 52
20 0.21666802858318013 49
21 0.2117819836421484 49
22 0.22006515227295909 44
23 0.20577689631090257 42
24 0.20651408299029583 41
25 0.21221067037204255 42
26 0.2140526404437686 40
27 0.21067556735118398 39
28 0.2117876623399373 39
29 0.21389815241615384 37
30 0.20435915421383344 37
31 0.18763571027337544 36
32 0.19296847366329684 34
33 0.19164026357829078 35
34 0.18292515470381132 33
35 0.19273883354511856 34
36 0.21121628472932374 35
37 0.2148785124381387 33
38 0.23103648584166425 35
39 0.23503238244987745 33
40 0.24502669713337633 31
41 0.23736762533455003 31
42 0.2278436602320606 32
43 0.2320239121726706 31
44 0.2564517446358072 31
45 0.2687366824339046 28
46 0.24031154303503 25
47 0.20840764877408224 26
48 0.2139620821495829 27
49 0.21391957238861514 26
50 0.23304763826823538 21
51 0.2003100148353496 21
52 0.22244543538721295 21
53 0.23148876728698564 21
54 0.2293271759824056 21
55 0.25597884001004156 21
56 0.273635794946014 19
57 0.2251082444620156 17
58 0.2126642342585665 19
59 0.22595239617075413 18
60 0.22816282451630898 19
61 0.2298767573606253 17
62 0.24255302906904208 19
63 0.23841913522586577 17
64 0.20349311282676097 15
65 0.20449975933073206 16
66 0.2061536375787012 16
67 0.21376633104519716 16
68 0.21707462700258917 16
69 0.20062877391984424 16
70 0.19541694248167496 16
71 0.20055747631283505 16
72 0.21088294605357594 15
73 0.20444509330674543 16
74 0.22316438143041628 15
75 0.2417651078045362 16
76 0.24247031891422788 16
77 0.2520673050895248 16
78 0.24770258554586366 15
79 0.23810488205397862 15
80 0.23763310710402075 17
81 0.239834283740336 17
82 0.21748028963363075 16
83 0.2450659838715743 11
84 0.14198779690558583 11
85 0.13636865648289498 11
86 0.13880912129542855 11
87 0.12425267825015296 11
88 0.12710588544919 10
89 0.11493024589288292 10
90 0.11894307018777228 11
91 0.1185713891536071 11
92 0.11361534376443005 10
93 0.10679316971503217 10
94 0.11907268296087392 11
95 0.12369464660303775 11
96 0.12685871561824325 10
97 0.12981878940756308 12
98 0.13263418094459056 10
99 0.13794948141061836 11
0 0.3863429920326853 159
1 0.3650251400373583 139
2 0.33307853562255296 126
3 0.31439542984578805 115
4 0.30211707915188724 103
5 0.2938552135398216 97
6 0.2758899810280697 88
7 0.27023649427506946 79
8 0.2619646591557663 72
9 0.24022084278173805 72
10 0.24003349059981405 66
11 0.22747212198788125 65
12 0.23232847482878238 60
13 0.23267562059190405 56
14 0.2248011639104761 55
15 0.2292650233421445 55
16 0.224821382380481 50
17 0.20748189092638025 50
18 0.2031351628157294 48
19 0.20824052865626097 46
20 0.1934492143530584 40
21 0.17879173102434942 40
22 0.17626886873052872 39
23 0.1731973864145313 38
24 0.1712748235320929 38
25 0.16597134599535734 38
26 0.18313312095575474 36
27 0.1789673432144332 36
28 0.18463666499055398 35
29 0.17122074493050432 36
30 0.1804677503488341 35
31 0.18876877618982824 34
32 0.18757790364679772 33
33 0.1854347526285487 31
34 0.16214962655261522 28
35 0.15921904079400084 27
36 0.15337875998190476 27
37 0.14558757823727753 29
38 0.14662638659413751 27
39 0.14953189570984882 27
40 0.15282318866401834 26
41 0.16312602301523538 26
42 0.143517139106637 25
43 0.13400679703245788 26
44 0.1368671229043954 26
45 0.14155033809647843 26
46 0.13741204007688346 25
47 0.13667176482364973 24
48 0.14378187142784826 23
49 0.1552426270602354 24
50 0.16382466010118502 22
51 0.1488483448580129 22
52 0.14131556418618896 23
53 0.1515240947494232 23
54 0.1484198450545482 22
55 0.15000973992372546 22
56 0.16486135286983683 22
57 0.1592200442287659 22
58 0.1694925369343594 21
59 0.17165299265430867 21
60 0.1800611000851602 20
61 0.15611406476287115 21
62 0.15272549129106183 20
63 0.14988399813051734 20
64 0.15306038939729705 20
65 0.1554623520775611 21
66 0.1374168998106471 21
67 0.1454881475560421 13
68 0.06558757728390763 14
69 0.07117807314048563 14
70 0.0711501216226087 14
71 0.07114670126568168 13
72 0.06924007723528325 13
73 0.07823750797709716 13
74 0.07554659631343719 13
75 0.07678669204292099 13
76 0.07326990035690617 13
77 0.07443950242192554 14
78 0.07012470003621396 14
79 0.06791439893843432 14
80 0.06506545647567763 14
81 0.06532104539134154 14
82 0.06386260806325583 14
83 0.06595049240977047 15
84 0.07407715656866065 15
85 0.07324151038081284 13
86 0.06498761276966869 14
87 0.0650824583796219 13
88 0.06575144504640051 13
89 0.06455635575832153 15
90 0.0640249269390436 14
91 0.06361518674996858 14
92 0.06410787015120123 15
93 0.06363761179017491 13
94 0.06419113547452793 14
95 0.06336302234770397 14
96 0.06359191437497169 13
97 0.06409555855481508 15
98 0.06410592001530135 14
99 0.0636891035349414 13
0 0.3863429920326853 169
1 0.36041188513122435 136
2 0.3543123428476598 122
3 0.33842902534401453 111
4 0.3190321731149446 102
5 0.3134602895929084 95
6 0.30136163349075007 92
7 0.28843944507667674 86
8 0.268984753228219 84
9 0.27586923872393987 80
10 0.26551031362805944 77
11 0.2548635942227788 68
12 0.24336717327301738 62
13 0.2417256830240606 63
14 0.23016782571045535 59
15 0.21381106573124065 58
16 0.2234744243849267 53
17 0.20279415408721135 51
18 0.20611599556088267 52
19 0.2232564210668042 51
20 0.21494667857486682 50
21 0.23358878097600577 51
22 0.22831912892462247 47
23 0.1991633738440477 46
24 0.2016714626961491 46
25 0.21913217568400611 47
26 0.22360269539977407 46
27 0.23075073647629352 46
28 0.23229716980917825 45
29 0.22317338138394383 46
30 0.21712376229021246 45
31 0.18994821847523324 46
32 0.20778144736592052 46
33 0.1969981888558927 46
34 0.1868417234754347 46
35 0.19144904372572213 46
36 0.197521941623088 46
37 0.17943272501364227 46
38 0.18666478030556788 45
39 0.18973468641287505 45
40 0.19078581409169781 46
41 0.16557526261011013 46
42 0.16525534666649255 45
43 0.17189958928623694 45
44 0.18301981582654636 45
45 0.2027564763710139 45
46 0.18568552360104085 45
47 0.18046515697816878 45
48 0.18634504725213175 44
49 0.1927628023201633 45
50 0.16747688057120635 45
51 0.1582944267760984 40
52 0.1422496974606322 39
53 0.1399642030560544 41
54 0.13931112835047954 40
55 0.13403734992838356 38
56 0.1318827524708328 38
57 0.1341986132209767 39
58 0.1316880907301481 38
59 0.13388527051076138 38
60 0.14007738499765465 40
61 0.14367752546870527 38
62 0.14297877614874333 37
63 0.14689213325553463 35
64 0.14679028594452515 36
65 0.14910268362495072 36
66 0.16436235424840562 35
67 0.1807521819062996 34
68 0.16435166959788128 31
69 0.14094883580987472 32
70 0.15315672520857349 31
71 0.15300771684647696 28
72 0.14422038181393426 27
73 0.12496329359491698 29
74 0.11810973229800625 29
75 0.11729705519634703 27
76 0.13109122116497973 27
77 0.12848180371693285 28
78 0.12606454640455844 27
79 0.12261627817890397 27
80 0.13084838957058564 28
81 0.13362141384404835 28
82 0.13512104578895845 28
83 0.12171360076383708 25
84 0.09738963440438564 27
85 0.10750573245139905 26
86 0.10515529376130894 26
87 0.11104182731729484 25
88 0.10575678667788124 27
89 0.10521870639776187 25
90 0.11300000382168762 25
91 0.1057064807178989 26
92 0.1039064834335619 26
93 0.10671775189745736 26
94 0.11997391706261906 25
95 0.17161760825103123 25
96 0.18802630606340753 25
97 0.18068112177989004 26
98 0.18529074706659499 26
99 0.19129156851287155 27
0 0.3863429920326853 168
1 0.3582140874450328 152
2 0.34015301039806145 137
3 0.32344010036367576 114
4 0.301893864391122 102
5 0.2956350840358506 89
6 0.290488596741306 86
7 0.26968449528878935 81
8 0.2595344414584635 77
9 0.2576568343721317 74
10 0.27271239296808725 70
11 0.2730113999403061 68
12 0.2574120524606456 59
13 0.23760563433872406 56
14 0.23587219249728264 52
15 0.2383076313793393 52
16 0.21912770231398015 49
17 0.22716190310308315 48
18 0.23466223811671627 49
19 0.23462904157549747 48
20 0.2231910625845568 47
21 0.22225259953426635 45
22 0.22258753424044087 45
23 0.22499047038569198 41
24 0.21290901856203925 43
25 0.20387125490775349 43
26 0.2001740477521885 41
27 0.2215036984886274 41
28 0.20152629007639233 41
29 0.19253740732985603 40
30 0.2186479852607337 32
31 0.1706255646951671 32
32 0.17801288223036615 32
33 0.174187978584611 32
34 0.17508835253382493 32
35 0.1867379491387431 31
36 0.17622393101320366 32
37 0.18378550018260853 31
38 0.19365830597558809 32
39 0.19973403639805798 32
40 0.1971513335523698 30
41 0.16924173870577497 29
42 0.17922408675795154 30
43 0.19390478727541471 29
44 0.1731758637161831 28
45 0.1722262733485589 29
46 0.17269729866043404 28
47 0.16639478122311524 27
48 0.1675804584026872 28
49 0.17339071421774177 27
50 0.16144254387306378 27
51 0.17585132288982952 28
52 0.1773745660842816 27
53 0.17370180772078347 24
54 0.14453615986105528 25
55 0.13703506830220857 25
56 0.1322906511480617 24
57 0.14454612716605064 25
58 0.16355369126226882 24
59 0.16557231195567224 22
60 0.1505959556145806 24
61 0.15207063959947376 22
62 0.19674660666449495 22
63 0.23084921181869977 24
64 0.200365834159568 22
65 0.19578128616175672 23
66 0.19633491693512162 24
67 0.19703882749972346 22
68 0.20541171491350685 23
69 0.18514799053905207 22
70 0.16136959347497903 22
71 0.15624028584720207 23
72 0.13983240793235518 22
73 0.147391681479752 23
74 0.14216144420411503 23
75 0.13244700870388426 24
76 0.13216783864368375 22
77 0.12494574039995765 22
78 0.15523739197956665 23
79 0.12544813360664042 23
80 0.13575530878536712 24
81 0.14519721959337129 22
82 0.14675945576417782 22
83 0.13076271517297644 24
84 0.12321778627173785 23
85 0.12126429495469004 23
86 0.11419016679124905 22
87 0.1255040232888005 23
88 0.18013764129959986 23
89 0.1622073866265914 22
90 0.15678114268395338 22
91 0.14406684619944277 22
92 0.15517023111985684 23
93 0.14566573269759497 23
94 0.15344966776010605 23
95 0.1456163317811685 24
96 0.13037265652502894 23
97 0.13754455055243797 22
98 0.1363321614677988 22
99 0.13789200330277174 23
0 0.3863429920326853 168
1 0.35637644978310723 146
2 0.33164001776623 127
3 0.31766978062359286 117
4 0.2969004285091459 106
5 0.28292474886999575 102
6 0.2786848935530126 91
7 0.2722957439239533 93
8 0.2755541879409864 79
9 0.25322657869245946 76
10 0.2579961008229059 71
11 0.25027539967391066 65
12 0.23720691076532407 59
13 0.22855463052089986 55
14 0.22595689871371327 54
15 0.21804062206587282 55
16 0.21566976488952916 53
17 0.23072047503592108 51
18 0.23286602503836962 51
19 0.22174790567836533 48
20 0.2111917795808278 49
21 0.196154588977008 47
22 0.1779151523010465 45
23 0.1750311837324574 46
24 0.17793979322751285 45
25 0.1668374736504954 45
26 0.17235909967653118 43
27 0.1632354450666722 43
28 0.14578818288469808 43
29 0.15007471506196257 40
30 0.13308716551380417 40
31 0.13462997297261037 41
32 0.13827359149305307 41
33 0.14902508765138522 40
34 0.1778611651739952 40
35 0.20259632381790849 40
36 0.2093285665732063 36
37 0.18083889007148146 37
38 0.17640315521522965 30
39 0.1518983365834392 30
40 0.17225825859008048 30
41 0.15818787039558613 29
42 0.16039549475182424 29
43 0.1636854991357959 30
44 0.16052323398388668 29
45 0.12509314428495477 27
46 0.12583562164523943 28
47 0.10938223133927805 28
48 0.10815988926293052 28
49 0.11727731442055234 28
50 0.11472701864219359 29
51 0.11900802834602708 26
52 0.08920748326527228 25
53 0.08870041839752574 25
54 0.08509537579245863 25
55 0.08372147920529338 27
56 0.08894382078287255 25
57 0.09570103448968448 25
58 0.09628379514494445 26
59 0.10398621127298702 25
60 0.10821198352840056 26
61 0.09171872077564092 25
62 0.08859434994151649 25
63 0.08605330486224161 24
64 0.09634411575698598 24
65 0.10084811959969775 24
66 0.10624443120147964 25
67 0.10127558253657876 26
68 0.11280118669578432 24
69 0.11207054956630014 25
70 0.12556541589799997 24
71 0.13024956095659812 20
72 0.08326281266989777 20
73 0.09007622697103823 21
74 0.08540617282656449 22
75 0.09852162401170683 22
76 0.10193909317998195 20
77 0.09712748807270688 22
78 0.11131910664454359 22
79 0.1313914049289555 21
80 0.1420506844053555 20
81 0.13602816014135444 20
82 0.13634494585600243 17
83 0.06263476423512304 16
84 0.0625886284248407 16
85 0.06352903855007952 16
86 0.06462259655832137 17
87 0.06196468142976963 15
88 0.0640225117447546 15
89 0.06194405736288 15
90 0.060984768894757346 16
91 0.0698132851768547 17
92 0.06858804555565956 15
93 0.06973711446163655 15
94 0.06272765415538362 15
95 0.061983398058835126 17
96 0.061677093799001215 16
97 0.06219823899218668 16
98 0.06296322445088687 16
99 0.06396007799233838 17
0 0.3863429920326853 169
1 0.35793106740195135 157
2 0.3514832948316715 135
3 0.3311935174037792 114
4 0.31149896505103003 103
5 0.30864623885145015 92
6 0.29923052182575827 89
7 0.29421486986608025 84
8 0.2975026081354475 72
9 0.28704538925081113 70
10 0.259851151804082 63
11 0.24790885966479248 63
12 0.2369940826481458 60
13 0.2540807844175208 58
14 0.22573314591528293 58
15 0.234097000442127 57
16 0.22177889917035243 51
17 0.20298721526316532 52
18 0.20071324651885503 50
19 0.2077833932090014 50
20 0.20014430438882558 46
21 0.1889207838873992 44
22 0.185803285332661 44
23 0.1838561213792027 43
24 0.17322843943182353 41
25 0.1649758025326531 41
26 0.17588939034253115 42
27 0.19211553280386995 41
28 0.20420395139304004 38
29 0.1835640784302759 38
30 0.18674073597973506 39
31 0.18891756371281243 38
32 0.1993166274112257 39
33 0.2129011370641456 37
34 0.1893049599697778 35
35 0.19338379009559103 37
36 0.18014057484535995 36
37 0.17801791782196053 37
38 0.18448852107546698 36
39 0.18109008358231926 36
40 0.1953580939395103 35
41 0.18243251260840654 35
42 0.1797779610337984 32
43 0.1781593091448883 32
44 0.180920634585495 33
45 0.1650107350875598 33
46 0.18095572527339088 34
47 0.17687137442209622 32
48 0.19011799873719992 33
49 0.18265120205614216 33
50 0.18060582220438937 33
51 0.1698372173610767 33
52 0.17398863834696798 32
53 0.18406264197212696 32
54 0.2103276751520735 27
55 0.17481198874348913 27
56 0.18724081624333144 26
57 0.1942595021632323 28
58 0.19449899865104925 27
59 0.20132242264754496 28
60 0.22568734631009635 26
61 0.23459843735439234 27
62 0.21905826690924934 26
63 0.22634133347858865 27
64 0.20286855307308538 26
65 0.2112124888202518 27
66 0.20063737799753412 26
67 0.20319697647106727 28
68 0.1931862497283503 22
69 0.15223319847575234 22
70 0.15397562690210087 21
71 0.1434722011269196 20
72 0.1409650316801938 21
73 0.13971384291388445 20
74 0.1430879877811324 20
75 0.17583638795405898 21
76 0.1749199435573423 21
77 0.17593016072245282 20
78 0.17550574737196767 21
79 0.17545382180165126 21
80 0.17509300406455308 20
81 0.16244761539985264 20
82 0.16716940179207507 20
83 0.1737055924039843 20
84 0.18642262877940574 20
85 0.17938025623693532 20
86 0.17986306443912325 21
87 0.19467483049221346 11
88 0.07220810297949498 11
89 0.07242688074027792 12
90 0.07305660054670904 13
91 0.0741109214515634 12
92 0.07374968398710591 11
93 0.07378903928648595 12
94 0.07307192854762534 11
95 0.0726870272980531 12
96 0.07343329118268205 11
97 0.07309639626763365 13
98 0.07513608329820198 12
99 0.07680043307819329 11
