0 0.37075893694859063 183
1 0.3620244152573582 163
2 0.34099968381082313 149
3 0.3249447565499586 134
4 0.2963383365948067 123
5 0.28124718261309667 118
6 0.2911044393704296 107
7 0.2724603392819982 101
8 0.26953903218425523 98
9 0.26348095411522454 89
10 0.2585135927022497 84
11 0.25168589728712387 79
12 0.2392039452029997 78
13 0.23559910232076176 72
14 0.23936563159994195 70
15 0.24390854301615184 71
16 0.24112123316804812 68
17 0.261959952895648 64
18 0.25179016331407555 64
19 0.24739988965887227 60
20 0.23288455403581954 59
21 0.2218408730930843 56
22 0.20144071369652683 57
23 0.19478730899681662 57
24 0.19638000952296353 52
25 0.17316757228071933 50
26 0.160394463475652 50
27 0.16265265760828318 50
28 0.16184604827196258 45
29 0.1724881684238162 46
30 0.1632484693906786 44
31 0.15645295329497788 45
32 0.1735015538038831 46
33 0.1769670551603375 43
34 0.17777207824252073 42
35 0.20392543323576828 41
36 0.22161760005219056 42
37 0.2034614841159832 40
38 0.18911249713718314 39
39 0.19341085968045335 38
40 0.20094024062739257 37
41 0.23379641749208613 37
42 0.23425050024675786 31
43 0.18172904820734037 32
44 0.1904605146541587 32
45 0.21264929955451106 33
46 0.2309422864290056 26
47 0.1772643073540332 28
48 0.19652774413219243 22
49 0.16516053876314118 22
50 0.16964010581686995 21
51 0.1508936359734223 21
52 0.1554583913389418 21
53 0.16233971904495492 21
54 0.19147153079968104 22
55 0.18782131514019929 21
56 0.202320940434092 21
57 0.18919503878666633 23
58 0.17282779491184774 22
59 0.18824045949160184 22
60 0.19576957486606306 21
61 0.18208999882440424 22
62 0.18922023107174057 22
63 0.23906569515179887 20
64 0.21871466362434777 21
65 0.22417691882831048 21
66 0.20074969335671922 21
67 0.19341776681979805 20
68 0.1812917499129767 21
69 0.1573301641759326 21
70 0.14581430198798118 21
71 0.13643731143644566 20
72 0.13869459927672678 20
73 0.13526996149781545 20
74 0.13550611997768391 22
75 0.1403237464920306 21
76 0.13374289429193387 20
77 0.12633422205690703 21
78 0.14862267886999447 21
79 0.1651561881627892 21
80 0.14852307245615237 20
81 0.15006610177468538 20
82 0.14210160141131234 22
83 0.13371426385893548 20
84 0.15854848872328597 20
85 0.2016540496947805 21
86 0.20628225774235065 20
87 0.19794190712652027 21
88 0.20999810041843237 22
89 0.2271659978514824 20
90 0.2081952908345277 20
91 0.193851585713539 22
92 0.2012969478358706 14
93 0.11237609235848489 14
94 0.12290666784594251 13
95 0.12396260920109836 14
96 0.1451828684628158 13
97 0.1703071281056796 13
98 0.19794813468420425 14
99 0.19045228983394202 13
0 0.37075893694859063 177
1 0.36008498049603777 159
2 0.3439802384428625 149
3 0.32234351375559944 133
4 0.3112142948858403 122
5 0.3148449679005685 107
6 0.2927690043207276 101
7 0.289124864737063 93
8 0.2749081001757365 86
9 0.25783774671774395 82
10 0.24506611098052122 79
11 0.26310087737422405 77
12 0.26208273733768417 75
13 0.25781211599815945 67
14 0.25609760017569405 66
15 0.2505208098683691 63
16 0.24751333849546042 60
17 0.26038227732511965 60
18 0.23836981797210655 58
19 0.24382717462368353 53
20 0.2328654808515156 54
21 0.26392453249847203 50
22 0.249669377264782 51
23 0.24548316191304798 51
24 0.24326643211723287 50
25 0.2650716894283822 46
26 0.24223835228493718 43
27 0.24992895042218577 34
28 0.19566381936392618 34
29 0.19027605485263832 33
30 0.17740696215753182 34
31 0.17437587379280028 34
32 0.17027883039309955 34
33 0.17907226248780694 33
34 0.17518190263472055 32
35 0.15373591636438477 31
36 0.15427092568325773 32
37 0.15868042327934306 30
38 0.1471143891906861 30
39 0.13808975040247828 30
40 0.13495729825757707 31
41 0.13015289333139313 29
42 0.12868537089451526 30
43 0.1253526016801172 29
44 0.13009463857426984 30
45 0.14496111774030918 30
46 0.14567605245055382 31
47 0.15753537019456298 30
48 0.16523767681866253 29
49 0.17074758197772022 30
50 0.1758992810698179 29
51 0.17181179154783144 29
52 0.1547688682540027 29
53 0.1488252094754099 30
54 0.158414797036039 30
55 0.16594719324367602 29
56 0.16127654574603167 30
57 0.15036078453929225 30
58 0.16860745630487983 30
59 0.15591115274991463 29
60 0.1461073068260732 29
61 0.1842523297106462 31
62 0.17934821740575635 31
63 0.1904857265175739 31
64 0.1888223924620227 29
65 0.1861036106214975 31
66 0.1806048756421883 29
67 0.17353054249652922 28
68 0.16426663558400478 27
69 0.18230844250807077 28
70 0.20288119102836877 22
71 0.149001390725642 22
72 0.16790827253019303 22
73 0.18525993247402406 23
74 0.17444403947576181 22
75 0.17408431253990675 23
76 0.1776754951672288 24
77 0.18690300082830058 22
78 0.20089703979854145 23
79 0.1894035405915444 22
80 0.17849953109356598 21
81 0.1588310683137586 22
82 0.17058040702783472 21
83 0.167098671744645 22
84 0.17781417442714065 21
85 0.17073147479472706 18
86 0.14619464729175213 18
87 0.14132908886625395 19
88 0.14330551456373475 17
89 0.13381776771306741 18
90 0.14336265436909645 18
91 0.14008265155332533 18
92 0.12499567087097563 19
93 0.13328631843804883 17
94 0.15433533160558088 17
95 0.14286445306955953 17
96 0.14057421546366466 18
97 0.14295042062484242 18
98 0.15526125013517156 18
99 0.17031950884983127 17
0 0.37075893694859063 178
1 0.3490047686588018 151
2 0.3320393615492918 136
3 0.32698557881741186 129
4 0.31377816845570683 113
5 0.30264416481679923 105
6 0.2944702760079312 101
7 0.2909877255908615 87
8 0.2683788822767914 84
9 0.25900092376330175 80
10 0.2649142087932743 77
11 0.28670606488090566 75
12 0.27532016963262285 71
13 0.2767594448704236 68
14 0.2671219295781395 67
15 0.2577484188318051 66
16 0.2709641929495361 65
17 0.2756164312257261 60
18 0.28022949455929935 57
19 0.28036906920280025 54
20 0.2670866978156954 53
21 0.26445848390667903 54
22 0.2797694919584137 54
23 0.2764063870368436 54
24 0.2633441348954948 52
25 0.29787321977571857 51
26 0.3056818140390567 43
27 0.29296498628315004 34
28 0.2419744111076796 28
29 0.208087309503592 28
30 0.20712457022761654 29
31 0.21261923543575878 27
32 0.22156060143242207 27
33 0.22290495690081324 27
34 0.21349895518923745 29
35 0.19262841257944463 27
36 0.19775063754591482 27
37 0.20809911949296733 28
38 0.21011202701906617 28
39 0.21138862290890348 28
40 0.21633247100657949 29
41 0.21510543271835458 27
42 0.2042397507591609 26
43 0.19249560909393115 26
44 0.18006068795728214 27
45 0.18086267207031526 28
46 0.1675570958267143 27
47 0.1750572086092066 26
48 0.1741446811239029 26
49 0.1749615194499583 27
50 0.1816348659163609 26
51 0.18974411075888686 27
52 0.18587100269438017 26
53 0.19041392417366132 27
54 0.19574404580689841 27
55 0.19898526191439192 26
56 0.19491612923038049 26
57 0.18135699793533577 23
58 0.17154946830128326 23
59 0.1597228229873815 24
60 0.17191740181022475 23
61 0.17819304473339415 22
62 0.1745456998059065 22
63 0.16851176981909854 22
64 0.15774012750017286 22
65 0.15770526471543844 22
66 0.16195854577622248 22
67 0.16174002010922717 21
68 0.17556419880019924 22
69 0.18086496984932054 21
70 0.16996713467088775 23
71 0.16225597671641423 23
72 0.1830216697034921 21
73 0.19438843981731702 19
74 0.14704706541325763 19
75 0.14197008246553566 19
76 0.1468210228470399 19
77 0.13433264637451536 18
78 0.14835740902933137 19
79 0.14537884417231206 18
80 0.13319694743658905 17
81 0.1260993315420864 18
82 0.12701364927608805 18
83 0.11293327337229075 18
84 0.11695681638544175 19
85 0.1068041336874268 19
86 0.09941733087976767 19
87 0.09800217018807222 17
88 0.1053515335988211 17
89 0.10390998230149595 18
90 0.09996536951434476 19
91 0.10138506654264079 18
92 0.10444688964921145 19
93 0.09977253577713352 18
94 0.0995270956161467 17
95 0.11397179374532529 18
96 0.1338631657005871 19
97 0.11816216376334632 18
98 0.11863097466114225 18
99 0.11634881669898545 17
0 0.37075893694859063 183
1 0.3671540952133552 155
2 0.33872422458766316 137
3 0.320517183714911 130
4 0.31656575971176837 116
5 0.3137201591432741 112
6 0.30658763835023706 105
7 0.30400524630268677 95
8 0.2876443135878648 91
9 0.2763394446522982 90
10 0.2697613175440603 84
11 0.2599056856491391 84
12 0.26036701421275765 79
13 0.2539332467850208 77
14 0.25456081252705953 73
15 0.25631726922334375 65
16 0.2306224008843789 63
17 0.22547707742320577 64
18 0.22903214863922905 63
19 0.22576792558838488 61
20 0.21986245331583643 60
21 0.20277980591001876 59
22 0.21084147376972062 57
23 0.211582992700734 57
24 0.21407975662639833 58
25 0.20986516094934204 53
26 0.20070849837768145 53
27 0.21682361536821948 53
28 0.20981727303141362 50
29 0.2123523117747903 50
30 0.20975329474064797 50
31 0.21118280724400518 50
32 0.20989907985082223 47
33 0.20434687119508577 48
34 0.20644896515607902 45
35 0.18519415143322826 41
36 0.15520181951295964 40
37 0.15513616420405407 38
38 0.14261454087540604 39
39 0.14317141573423586 38
40 0.1446370891949229 37
41 0.14866321571031182 38
42 0.14322697589184252 37
43 0.148222515061035 38
44 0.15128003445111338 37
45 0.16070270663717112 34
46 0.1474927920163811 36
47 0.14398924353078923 32
48 0.13066798735936214 31
49 0.12816954363374133 30
50 0.1264416266088897 32
51 0.1280431551788388 32
52 0.12970884122997517 30
53 0.13753264829250145 30
54 0.13815929872636468 31
55 0.1324905202275053 30
56 0.13547877073439585 30
57 0.1409651073649112 30
58 0.128772395824009 29
59 0.13406197871877246 29
60 0.11146001925482496 29
61 0.11611494863629468 30
62 0.11902184280553407 29
63 0.12059840113102549 29
64 0.13579995103382014 29
65 0.13477533916124318 30
66 0.1410231145838836 30
67 0.15460984192920746 29
68 0.14399289447753727 29
69 0.14802657266406927 28
70 0.1392368511306621 27
71 0.1374081580165314 28
72 0.13085403836474696 28
73 0.14757567863316567 27
74 0.13882699679447308 28
75 0.13732823391974214 27
76 0.12769078436124426 28
77 0.1232261615139072 27
78 0.13257271457521114 27
79 0.14119825682119402 29
80 0.14844556730628922 28
81 0.15589682287663487 28
82 0.1499229835124547 25
83 0.12891904696083634 26
84 0.13676821651034365 27
85 0.13584938158978233 27
86 0.1351099748483262 25
87 0.12863272501709244 26
88 0.12565423693322586 27
89 0.12188708660386283 26
90 0.12218111445725244 26
91 0.11377184433638132 26
92 0.13507036192938937 25
93 0.1344007097656552 26
94 0.13888326537966167 25
95 0.14631026811646342 26
96 0.15616237413472156 26
97 0.15376794541326055 26
98 0.1705391111132386 26
99 0.18539051753713265 26
0 0.37075893694859063 177
1 0.3514580929046147 158
2 0.3356810768349918 142
3 0.32902038988706117 135
4 0.32016219566258197 125
5 0.30561847277077847 124
6 0.3156797473473776 116
7 0.31600943291682304 105
8 0.3000500269062645 95
9 0.289777693608805 94
10 0.27581300350652604 85
11 0.2645096086010059 81
12 0.2530911596169112 80
13 0.25379275448784844 72
14 0.24166322732452095 71
15 0.24124276569888314 67
16 0.23361108415825127 67
17 0.23276389494439842 67
18 0.23431538828935072 66
19 0.22667519386310708 61
20 0.2211917087445865 59
21 0.23518769517139004 52
22 0.22512801128704218 53
23 0.21823925134519984 52
24 0.22240458919402206 52
25 0.23802900998225773 52
26 0.24821575646601812 47
27 0.2250411701463486 47
28 0.2278307574277736 44
29 0.20589096447542343 44
30 0.20873868229562098 43
31 0.2070021567577227 43
32 0.21140843771600193 44
33 0.2061952105720566 43
34 0.20095510262763994 42
35 0.208316400678892 44
36 0.1996336762308324 41
37 0.1862682645595619 41
38 0.18266682617410512 40
39 0.17595877861249032 41
40 0.17452541963585433 40
41 0.1767298650258955 40
42 0.1665337019944897 41
43 0.15612036913526417 40
44 0.15576902015236604 39
45 0.15507328236773477 40
46 0.15922886070750453 40
47 0.16418818410765312 40
48 0.16392507774515286 38
49 0.15175450616359276 38
50 0.15240931789439705 37
51 0.1481334941942547 38
52 0.14825825006313265 38
53 0.14472875504360205 37
54 0.14952655942529547 37
55 0.1533994260292466 36
56 0.13746240507396723 35
57 0.1366151618470164 35
58 0.1378323431537931 35
59 0.13642634386192376 35
60 0.14235860855827775 35
61 0.14049333566995093 34
62 0.14254689104036466 35
63 0.14153881710454752 34
64 0.13673759918378936 33
65 0.13764645512135254 33
66 0.1279393992455391 34
67 0.1433246918892941 33
68 0.15266601549515646 34
69 0.15906811462614678 33
70 0.18470960526793223 34
71 0.1591696467749939 34
72 0.15758025179784707 31
73 0.13481650555086078 32
74 0.13052775462670918 31
75 0.1294728246861132 32
76 0.1405280116792993 32
77 0.140154889583461 28
78 0.1391252619664347 30
79 0.14084000220765258 27
80 0.12527185337594493 27
81 0.11626763063707823 28
82 0.11702064877328788 29
83 0.13382287128675197 28
84 0.1568327187444991 27
85 0.16664535049267037 29
86 0.18288463516826536 27
87 0.1543577424388478 27
88 0.15306366355086998 29
89 0.16273213285787125 28
90 0.1609826053940422 29
91 0.1519368020302947 28
92 0.16948266897468467 28
93 0.17849478473787195 27
94 0.18773641113873452 28
95 0.1660295185568692 28
96 0.15908713969321986 29
97 0.1861394624984316 29
98 0.20511820362104682 27
99 0.2233094573434382 28
0 0.37075893694859063 180
1 0.352615736314541 162
2 0.34343533955247363 142
3 0.3208116759854036 126
4 0.3031293019693555 118
5 0.2898405061360618 112
6 0.2943748879723791 101
7 0.2772657653719839 95
8 0.2761815244703265 87
9 0.2608732749394038 83
10 0.2568604348901533 82
11 0.25814212974946615 78
12 0.25296685887854187 75
13 0.24474418566244838 69
14 0.2249607142550012 66
15 0.23278918872480148 63
16 0.23353159691147107 59
17 0.22905993837301963 56
18 0.23473044871822268 57
19 0.24073930031907098 56
20 0.23425015198187027 50
21 0.20980941044726986 50
22 0.20697382846338597 50
23 0.21382818502184242 49
24 0.21114475614478967 47
25 0.19542575748617952 43
26 0.1748197099609945 41
27 0.1684894193046571 40
28 0.16387574307459873 40
29 0.17855043193104314 39
30 0.1848180836376443 39
31 0.1824659172556664 40
32 0.19063008549883875 39
33 0.19636618096012937 36
34 0.16148869164914714 33
35 0.16113938742073852 34
36 0.15199736561714694 34
37 0.15877194082343116 33
38 0.15489551385175426 33
39 0.1517562925503766 33
40 0.15139486104349142 34
41 0.14789323656042486 33
42 0.1486781666031165 34
43 0.14948275041304515 33
44 0.1466770961321906 34
45 0.148637645898964 34
46 0.14847482657176614 34
47 0.14966172223837382 34
48 0.15063192538979275 34
49 0.1509620026264873 34
50 0.1482058706475453 35
51 0.1453634572707596 34
52 0.1568513511809213 33
53 0.1597499259950601 35
54 0.1624702095737085 33
55 0.17101469935997793 35
56 0.18004959377024954 33
57 0.17811122649338795 34
58 0.1753545526545328 34
59 0.19845642400495267 34
60 0.18617999275763242 33
61 0.1961853596531722 33
62 0.18664779283717503 34
63 0.19441671842534425 31
64 0.1646965232439881 33
65 0.17326070047310616 32
66 0.1697370579206634 32
67 0.1795126816053927 31
68 0.1794973186096307 30
69 0.17475350639809628 28
70 0.1870931724276541 28
71 0.18848162604228946 29
72 0.20330108064673258 30
73 0.2000916937154671 28
74 0.20242371705163897 28
75 0.2073856893262016 28
76 0.20201710527108574 29
77 0.19073757555934123 28
78 0.19429960497741927 27
79 0.17208119803868382 26
80 0.16967390064071508 27
81 0.16498218777437024 26
82 0.16370152164059837 26
83 0.15783767696347084 26
84 0.15626007303647005 24
85 0.1305456604620825 24
86 0.1407816448685455 24
87 0.12848422286656502 23
88 0.13391486641193429 25
89 0.12903892291152297 23
90 0.11491334997326486 25
91 0.12574616472847766 23
92 0.1315832507527699 24
93 0.12457344733254394 24
94 0.12497570152398474 24
95 0.1319561208000759 24
96 0.1366270945381698 24
97 0.13748219671392814 24
98 0.13278864459553286 24
99 0.13362953241338116 24
0 0.37075893694859063 184
1 0.3568965603945742 163
2 0.33808923999677853 143
3 0.3301153015221594 124
4 0.31193469701716037 110
5 0.30066847505987315 103
6 0.28533409993179326 95
7 0.2710614622556884 90
8 0.2557258685239856 88
9 0.25875088281894465 85
10 0.24465569269090093 74
11 0.231111622935535 62
12 0.2191272839071643 59
13 0.21917839858123322 59
14 0.21489195487685286 56
15 0.21866221992554324 51
16 0.20480104586271253 52
17 0.21088890712953168 51
18 0.21091126290087803 52
19 0.2072451630960992 48
20 0.18945260203787173 45
21 0.18856742957184602 45
22 0.18898852209421135 45
23 0.1970962637058189 45
24 0.20668062699912548 39
25 0.19553042776969964 40
26 0.19988642509823196 39
27 0.2054346353085832 39
28 0.21295280662651184 39
29 0.2051162441738439 34
30 0.1818034619151203 33
31 0.18018814893017931 34
32 0.18903388776564034 34
33 0.20412030186921104 34
34 0.2243547084701556 34
35 0.1967520791400017 33
36 0.20985760425153344 33
37 0.20646669071584012 31
38 0.2115605092258861 31
39 0.20502623445447354 32
40 0.24005893380954202 31
41 0.2524291463929933 32
42 0.2690977246175732 31
43 0.29380865689127234 31
44 0.3185670266692264 30
45 0.2115612948544956 29
46 0.20543913249194423 28
47 0.179746775283252 28
48 0.19335961038042115 26
49 0.16354925813067078 27
50 0.17243472565234863 26
51 0.1741244181327688 27
52 0.17323227562121368 27
53 0.1710493956936454 25
54 0.1599131678438539 26
55 0.14697821575603753 26
56 0.181972797543694 25
57 0.17359636194071681 26
58 0.1540126528539767 27
59 0.17223685259912247 26
60 0.17906845211113587 26
61 0.1745226939516853 26
62 0.19244520820155042 26
63 0.1965933870363481 25
64 0.21104255281092055 24
65 0.21606048333191108 25
66 0.2559060198429799 25
67 0.25311095876551093 24
68 0.28387026694501283 25
69 0.2885656575424691 24
70 0.31343164455517547 25
71 0.29929566004058605 25
72 0.2960107325118648 21
73 0.2764815724945273 22
74 0.30163216878180665 21
75 0.25774619403560095 20
76 0.2731378792009622 22
77 0.27988590018509907 20
78 0.2681779822863133 22
79 0.28206417592694044 20
80 0.2852664848917392 20
81 0.25976628441677163 22
82 0.28573534885583896 21
83 0.27294555056233016 12
84 0.0908105197914757 12
85 0.09908127795720634 12
86 0.09488135173073964 12
87 0.11394587618304342 12
88 0.12272865527972376 13
89 0.1299519870197947 11
90 0.1452935700224498 11
91 0.1405949709580685 11
92 0.12952903846171981 12
93 0.14374321199867968 12
94 0.13198587146108287 11
95 0.13411736134181118 11
96 0.1389022628743437 11
97 0.15408563055378122 12
98 0.14851462110405111 12
99 0.1570103321984655 13
0 0.37075893694859063 179
1 0.3707389909750316 154
2 0.35047408549735826 138
3 0.33155868735294636 126
4 0.3180367305208587 115
5 0.3008659094118902 105
6 0.28533169245029333 99
7 0.280921603344523 91
8 0.2569229832109192 90
9 0.2531472396772183 86
10 0.24783522195663554 82
11 0.24240096829465907 80
12 0.23254813619416836 79
13 0.23800476670379567 78
14 0.22993030163092332 74
15 0.21950331276956936 73
16 0.22446261849191274 72
17 0.21414587951091768 72
18 0.21289833025274119 68
19 0.20683969368078614 67
20 0.19331137781605268 66
21 0.1949855687553823 65
22 0.20508424381385648 63
23 0.19731193342931008 62
24 0.1895421616530666 61
25 0.18755495535550581 61
26 0.1924534517065033 63
27 0.205137453250682 60
28 0.21024962069915576 61
29 0.22278411526878594 58
30 0.22538444176732475 57
31 0.21963124862991723 57
32 0.2032965432555105 54
33 0.1993509518904535 54
34 0.20290912918127213 47
35 0.19884604071017353 46
36 0.1947092016931644 44
37 0.16897065800174405 43
38 0.15413446503492145 39
39 0.13023118264476197 39
40 0.13137886473994898 40
41 0.14645399550824756 39
42 0.15028655830477522 37
43 0.16392272005000463 36
44 0.1749278574952613 37
45 0.202519815558025 37
46 0.22698933421656586 24
47 0.12759374623453756 25
48 0.13188852766673453 26
49 0.1274710463954003 25
50 0.11923543027119399 24
51 0.13249086728802473 20
52 0.05600941268367032 18
53 0.05502915789722884 18
54 0.054170424434917486 19
55 0.055077077379619865 19
56 0.058926378810473246 19
57 0.059534424425543575 19
58 0.06045825017314366 18
59 0.061369763581702985 19
60 0.06267795885636329 18
61 0.05728571635483637 18
62 0.05666436422282284 18
63 0.05700134726767625 19
64 0.05545247436447842 20
65 0.05623141257419162 19
66 0.05708878659572192 18
67 0.06037043450705348 19
68 0.06512649611001442 18
69 0.06091926817486426 18
70 0.060062438962353415 20
71 0.05986169754281545 19
72 0.06102557251996554 18
73 0.06056493554126874 19
74 0.0618276796991124 18
75 0.06379908454655436 19
76 0.06578002579471498 19
77 0.06471827864184698 19
78 0.0651744833125425 20
79 0.07248044469622505 18
80 0.05931747098923079 19
81 0.055929615679563005 17
82 0.058594643236674626 18
83 0.05857336159224502 18
84 0.05644447379195028 18
85 0.05532996127826473 19
86 0.054025445160892804 18
87 0.0492519588917677 17
88 0.0486384821855157 17
89 0.04858370827192626 18
90 0.04843971998020269 17
91 0.04930995188010345 18
92 0.04838591426642158 17
93 0.04891165696425981 17
94 0.04857614256558729 19
95 0.04873947649148325 18
96 0.050755650963181465 18
97 0.05430879579627823 18
98 0.055309648316181015 17
99 0.058628016183085885 17
0 0.37075893694859063 180
1 0.35340646705027323 159
2 0.3407905266660092 136
3 0.31754234667975645 128
4 0.30342046384860444 123
5 0.29732935090015955 117
6 0.30152676262542455 106
7 0.29994031283962164 98
8 0.2790111382322342 88
9 0.26816431623690695 87
10 0.2701615188199695 83
11 0.2393422637877527 82
12 0.2305145950603742 77
13 0.22653002581501758 75
14 0.24704935916641224 73
15 0.23588548732018433 69
16 0.22216599843353624 68
17 0.2058465570626269 67
18 0.20258011705446277 67
19 0.19893003900054618 67
20 0.19605906958139618 65
21 0.20609044490305273 66
22 0.21388302136217385 63
23 0.21151940293228266 62
24 0.1899947638158057 20
25 0.7119351863829362 2
26 4.865632052819535e-08 2
27 4.865632052819535e-08 1
28 3.0532345984823905e-08 2
29 4.865632052819535e-08 1
30 3.0532345984823905e-08 2
31 3.041832097316899e-08 2
32 4.865632052819535e-08 1
33 3.0532345984823905e-08 2
34 3.041832097316899e-08 2
35 3.041832097316899e-08 1
36 3.0532345984823905e-08 2
37 3.041832097316899e-08 1
38 3.0532345984823905e-08 1
39 3.0532345984823905e-08 2
40 3.041832097316899e-08 2
41 3.041832097316899e-08 1
42 3.0532345984823905e-08 2
43 3.041832097316899e-08 1
44 3.0532345984823905e-08 2
45 3.041832097316899e-08 1
46 3.0458970678992614e-08 1
47 3.0532345984823905e-08 2
48 3.041832097316899e-08 2
49 3.041832097316899e-08 2
50 4.865632052819535e-08 2
51 4.865632052819535e-08 2
52 4.865632052819535e-08 1
53 3.0532345984823905e-08 2
54 4.865632052819535e-08 2
55 3.041832097316899e-08 1
56 3.0532345984823905e-08 1
57 3.0532345984823905e-08 2
58 4.865632052819535e-08 2
59 4.865632052819535e-08 2
60 3.041832097316899e-08 1
61 3.0532345984823905e-08 2
62 4.865632052819535e-08 1
63 3.0458970678992614e-08 1
64 3.0532345984823905e-08 1
65 3.0532345984823905e-08 2
66 4.865632052819535e-08 2
67 3.041832097316899e-08 2
68 3.041832097316899e-08 2
69 4.865632052819535e-08 2
70 3.041832097316899e-08 1
71 3.0532345984823905e-08 1
72 3.0458970678992614e-08 2
73 4.865632052819535e-08 2
74 3.041832097316899e-08 2
75 3.041832097316899e-08 1
76 3.0532345984823905e-08 2
77 3.041832097316899e-08 1
78 3.0532345984823905e-08 2
79 3.041832097316899e-08 1
80 3.0532345984823905e-08 2
81 3.041832097316899e-08 1
82 3.0458970678992614e-08 2
83 3.041832097316899e-08 1
84 3.0458970678992614e-08 1
85 3.0532345984823905e-08 1
86 3.0532345984823905e-08 1
87 3.0532345984823905e-08 2
88 3.041832097316899e-08 2
89 3.041832097316899e-08 1
90 3.0458970678992614e-08 1
91 3.0532345984823905e-08 2
92 4.865632052819535e-08 2
93 3.041832097316899e-08 1
94 3.0458970678992614e-08 2
95 4.865632052819535e-08 2
96 4.865632052819535e-08 2
97 4.865632052819535e-08 1
98 3.0532345984823905e-08 2
99 3.041832097316899e-08 1
0 0.37075893694859063 172
1 0.35596910967634754 155
2 0.3386475697646567 135
3 0.315375679090268 123
4 0.30948749054032687 121
5 0.3096000658406375 111
6 0.29398617023220197 107
7 0.2808554386016251 103
8 0.2741205732876355 98
9 0.2594598251998317 95
10 0.25032214220481075 92
11 0.2547627060293389 84
12 0.24816610572754483 79
13 0.2495924811335346 76
14 0.27341679540039987 77
15 0.26425538597330966 68
16 0.24415885536036708 64
17 0.22993687608863533 64
18 0.2331623639596767 62
19 0.22895811087502826 61
20 0.22631209446763467 61
21 0.22531855500545883 59
22 0.2266776596685467 58
23 0.2107587335940837 56
24 0.21092166785703692 54
25 0.1996651207834994 54
26 0.19110790764774688 54
27 0.20513453552491234 53
28 0.19900383540372002 51
29 0.2025903090333523 51
30 0.2047130052833399 46
31 0.19388638323841167 47
32 0.2177999270880886 45
33 0.2370703119078934 42
34 0.21677330340636547 43
35 0.22491595076041104 43
36 0.2307676879559344 31
37 0.17149474260501596 31
38 0.16332662225808403 33
39 0.16191414626604939 31
40 0.164066136695874 33
41 0.16190965134048096 32
42 0.1716645291535177 32
43 0.1876203245073158 30
44 0.16690120199017233 28
45 0.14820556910670146 27
46 0.14174483273636995 28
47 0.13210683025049597 27
48 0.12579571997753924 28
49 0.12486676734048374 27
50 0.1439760975000295 28
51 0.1598722671762658 27
52 0.15086521878080417 28
53 0.1556458276970567 29
54 0.16657601046118442 27
55 0.16269881117507734 28
56 0.14872080377130725 27
57 0.13408074585416574 28
58 0.13840666340959396 29
59 0.1334227572889386 28
60 0.12663354029573637 28
61 0.129809567029451 28
62 0.1263932301926165 27
63 0.12403528649438567 27
64 0.12972340918440728 27
65 0.13203346901441426 28
66 0.12929580897832582 28
67 0.1300638314926812 27
68 0.1381919997299519 27
69 0.13573462830411698 29
70 0.13480882192168475 27
71 0.13208094288688366 27
72 0.12180732689530194 26
73 0.12459661503750152 27
74 0.12322465640275393 26
75 0.12670779050301673 28
76 0.12395479975997459 26
77 0.12637005911606392 26
78 0.13074971369205546 26
79 0.13194802796252314 28
80 0.14649936927768437 27
81 0.15179069481132812 26
82 0.14096903804638794 25
83 0.1275369962387689 24
84 0.123540013206338 24
85 0.1130655845735653 25
86 0.11172421905577612 24
87 0.11051270714645689 25
88 0.11650624436350654 25
89 0.10757189482550067 25
90 0.1092188885538492 25
91 0.10813307388899984 25
92 0.11412022712328573 25
93 0.11146765882246812 25
94 0.11661406219400394 25
95 0.1233475019139132 25
96 0.12839372043513664 24
97 0.13849760607261552 24
98 0.13507581284000403 25
99 0.12404267724801299 25
